0000000000000000000000000000000000000000000000000000000000000000000000000000
0000000000000000000000000000000010000000000000000000000000000000000000000000
0000000000000000000000000000001010000000000000000000000000000000000000000000
0000000000000000000011000000110000000000001100000000000000000000000000000000
0000000000000000000100010000110000000000001100000000000000000000000110000000
0000000011000000001000001000110000000000000000000000000000000000000110000000
0000000011000000001000101100001010000000000000000000000000000000000000000000
0000000000000000001000001000000010000000000000000000000000000000000000000000
0000000000000000000100010000000000000000000000000000000000000000000000000000
0000000000000000000011000000000000000000000000000000000000000000000000000000
0000000000000000000000000000000000000000000000000000000000000000000000000000
0000000000000000000000000000000000000000000000000000000000000000000000000000
0000000000000000000000000000000000000000000000000000000000000000000000000000
0000000000000000000000000000000000000000000000000000000000000000000000000000
0000000000000000000000000000000000000000000000000000000000000000001110000000
0000000000000000000000000000000000000000000000000000000000000000010001000000
0000000000000000000000000000000000000000000000000000000000000000100000100000
0000000000000000000000000000000000000000000000000000000000000000100000100000
0000000000000000000000000000000000000000000000000000000000000000000100000000
0000000000000000000000000000000000000000000000000000000000000000010001000000
0000000000000000000000000000000000000000000000000000000000000000001110000000
0000011000000000000000111000000000000000000000000000000000000000000100000000
0000011000000000000000101000000000000000000000000000000000000000000000000000
0000000000000000000000110000000000000000000000000000000000000000000000000000
0000000000000000000000000000000000000000000000000000000000000000000011100000
0000000000000000000000000000000000000000000000000000000000000000000011100000
0000000000000000000000000000000000000000000000000000000000000000000100010000
0000000000000000000000000000000000000000000000000000000000000000000000000000
0000000000000000000000000000000000000000000000000000000000000000001100011000
0000000000000000000000000000000000000000000000000000000000000000000000000000
0000000000000000000000000000000000000000000000000000000000000000000000000000
0000000000000000000000000000000000000000000000000000000000000000000000000000
0001100011000000000000000000000000000000000000000000000000000000000000000000
0000000000000000000000000000000000000000000000000000000000000000000000000000
0000100010000000000000000000000000000000000000000000000000000000000000000000
0000011100000000000000000000000000000000000000000000000000000000000000000000
0000011100000000000000000000000000000000000000000000000000000000000000000000
0000000000000000000000000000000000000000000000000000110000000000000000000000
0000000000000000000000000000000000000000000000000001010000000000000001100000
0000000010000000000000000000000000000000000000000001110000000000000001100000
0000000111000000000000000000000000000000000000000000000000000000000000000000
0000001000100000000000000000000000000000000000000000000000000000000000000000
0000000010000000000000000000000000000000000000000000000000000000000000000000
0000010000010000000000000000000000000000000000000000000000000000000000000000
0000010000010000000000000000000000000000000000000000000000000000000000000000
0000001000100000000000000000000000000000000000000000000000000000000000000000
0000000111000000000000000000000000000000000000000000000000000000000000000000
0000000000000000000000000000000000000000000000000000000000000000000000000000
0000000000000000000000000000000000000000000000000000000000000000000000000000
0000000000000000000000000000000000000000000000000000000000000000000000000000
0000000000000000000000000000000000000000000000000000000000000000000000000000
0000000000000000000000000000000000000000000000000000001100000000000000000000
0000000000000000000000000000000000000000000000000000100010000000000000000000
0000000000000000000000000000000000000000000100000001000001000000001100000000
0000000000000000000000000000000000000000000101000011010001000000001100000000
0000000110000000000000000000000011000000000000110001000001000000000000000000
0000000110000000000000000000000011000000000000110000100010000000000000000000
0000000000000000000000000000000000000000000000110000001100000000000000000000
0000000000000000000000000000000000000000000101000000000000000000000000000000
0000000000000000000000000000000000000000000100000000000000000000000000000000
0000000000000000000000000000000000000000000000000000000000000000000000000000
